00100
01010
01010
10001
11111
10001
10001

11110
10001
10001
11110
10001
10001
11110

01110
10001
10000
10000
10000
10001
01110

11110
10001
10001
10001
10001
10001
11110

11111
10000
10000
11110
10000
10000
11111

11111
10000
10000
11110
10000
10000
10000

01110
10001
10000
10000
10011
10001
01110

10001
10001
10001
11111
10001
10001
10001

01110
00100
00100
00100
00100
00100
01110

11111
00100
00100
00100
00100
10100
01000

10001
10010
10100
11000
10100
10010
10001

10000
10000
10000
10000
10000
10000
11111

10001
11011
10101
10001
10001
10001
10001

10001
11001
11001
10101
10011
10011
10001

01110
10001
10001
10001
10001
10001
01110

11110
10001
10001
11110
10000
10000
10000

01110
10001
10001
10001
10101
10010
01101

11110
10001
10001
11110
10100
10010
10001

01110
10001
01000
00100
00010
10001
01110

11111
00100
00100
00100
00100
00100
00100

10001
10001
10001
10001
10001
10001
01110

10001
10001
10001
10001
10001
01010
00100

10001
10001
10001
10001
10101
11011
10001

10001
10001
01010
00100
01010
10001
10001

10001
10001
01010
00100
00100
00100
00100

11111
00001
00010
00100
01000
10000
11111

00010
00000
00010
00010
01010
01010
00100

00100
00000
00100
00100
00100
00100
00100

01110
10001
10001
10001
10001
10001
10001

10001
10001
10001
01010
00100
01000
10000

10010
10010
10010
10010
10010
10010
10010
01101
