0 0.08892956932267078
1 0.0891222661142692
2 0.08854417573947394
3 0.08873687253107236
4 0.08830330474997591
5 0.0882069563541767
6 0.08839965314577512
7 0.08859234993737354
8 0.08926678870796802
9 0.08883322092687157
10 0.08883322092687157
11 0.08864052413527315
12 0.08945948549956644
13 0.08859234993737354
14 0.08839965314577512
15 0.0891222661142692
16 0.08897774352057038
17 0.08878504672897196
18 0.08844782734367473
19 0.0892186145100684
20 0.08873687253107236
21 0.08844782734367473
22 0.0882551305520763
23 0.08830330474997591
24 0.0881106079583775
25 0.08868869833317275
26 0.08782156277097987
27 0.08782156277097987
28 0.0882551305520763
29 0.08854417573947394
30 0.0870989498024858
31 0.0882069563541767
32 0.08864052413527315
33 0.0890740919163696
34 0.08854417573947394
35 0.08806243376047788
36 0.0890740919163696
37 0.08873687253107236
38 0.0882551305520763
39 0.08864052413527315
40 0.08849600154157433
41 0.08864052413527315
42 0.08859234993737354
43 0.08892956932267078
44 0.08864052413527315
45 0.08897774352057038
46 0.08844782734367473
47 0.0881587821562771
48 0.08801425956257829
49 0.08806243376047788
50 0.08830330474997591
51 0.08835147894787551
52 0.08839965314577512
53 0.08868869833317275
54 0.08839965314577512
55 0.08835147894787551
56 0.08830330474997591
57 0.08830330474997591
58 0.08835147894787551
59 0.08796608536467868
60 0.08835147894787551
61 0.08839965314577512
62 0.08878504672897196
63 0.0881587821562771
64 0.08873687253107236
65 0.08941131130166682
66 0.08970035648906445
67 0.08873687253107236
68 0.08844782734367473
69 0.08970035648906445
70 0.0891222661142692
71 0.08864052413527315
72 0.08854417573947394
73 0.08950765969746603
74 0.08878504672897196
75 0.08835147894787551
76 0.08830330474997591
77 0.08859234993737354
78 0.08888139512477117
79 0.08835147894787551
80 0.08902591771846999
81 0.08950765969746603
82 0.08941131130166682
83 0.08883322092687157
84 0.08859234993737354
85 0.08873687253107236
86 0.08902591771846999
87 0.08830330474997591
88 0.08864052413527315
89 0.08835147894787551
90 0.08873687253107236
91 0.08801425956257829
92 0.08844782734367473
93 0.08873687253107236
94 0.08839965314577512
95 0.08854417573947394
96 0.08849600154157433
97 0.08835147894787551
98 0.08849600154157433
99 0.0882069563541767